0 0 -1 1189.5169677734375 363.5426330566406 13.6639404296875 35.972503662109375 1
0 0 -1 1005.8701171875 311.3786926269531 13.107177734375 29.736480712890625 1
0 0 -1 675.3773193359375 455.5429992675781 19.6142578125 46.570098876953125 1
0 0 -1 567.235107421875 329.0443115234375 12.470703125 28.85986328125 1
0 0 -1 1038.40869140625 311.7471618652344 12.3009033203125 28.188140869140625 1
0 0 -1 1178.12451171875 365.9111022949219 13.361083984375 34.538299560546875 1
0 0 -1 239.37191772460938 587.8154296875 128.92852783203125 73.30487060546875 2
0 0 -1 662.3372192382812 465.1016540527344 19.3255615234375 44.960784912109375 1
0 0 -1 519.777587890625 328.4990539550781 13.2393798828125 32.644073486328125 1
0 0 -1 1169.7569580078125 400.8740234375 16.131103515625 40.9036865234375 1
0 0 -1 1182.6728515625 399.3699035644531 13.7965087890625 38.8614501953125 1
0 0 -1 310.151123046875 519.6148071289062 121.05084228515625 66.90985107421875 2
0 0 -1 1191.649169921875 297.1808166503906 9.2891845703125 19.23004150390625 1
0 0 -1 1184.49609375 294.885009765625 10.8236083984375 19.843353271484375 1
0 0 -1 1217.4569091796875 298.84521484375 8.1868896484375 19.5792236328125 1
0 0 -1 1207.5689697265625 297.451904296875 9.6883544921875 17.8212890625 1
0 0 -1 147.1608123779297 621.6544799804688 217.47291564941406 98.34552001953125 2
0 0 -1 1211.2393798828125 298.3496398925781 9.3050537109375 19.226165771484375 1
0 0 -1 1181.031982421875 293.8263244628906 10.3697509765625 17.987335205078125 1
0 0 -1 1195.1483154296875 298.5384521484375 9.114501953125 18.30133056640625 1
