0 0 -1 45.36021423339844 304.09234619140625 21.05590057373047 37.795257568359375 1
0 0 -1 840.0819091796875 304.57537841796875 13.73858642578125 30.733734130859375 1
0 0 -1 774.357177734375 534.6694946289062 18.75115966796875 60.58746337890625 1
0 0 -1 107.09921264648438 307.7699890136719 16.649070739746094 36.697052001953125 1
0 0 -1 742.0888061523438 550.4880981445312 20.4686279296875 61.84765625 1
0 0 -1 1113.932373046875 299.8741760253906 10.7652587890625 23.060516357421875 1
0 0 -1 1140.010498046875 299.71478271484375 11.7080078125 25.540252685546875 1
0 0 -1 617.3834228515625 299.5377502441406 10.20843505859375 26.183807373046875 1
0 0 -1 1086.621337890625 409.93939208984375 15.7120361328125 41.365447998046875 1
0 0 -1 812.9161376953125 306.6835632324219 13.3660888671875 29.791168212890625 1
0 0 -1 647.2783813476562 299.0025939941406 10.7108154296875 27.349822998046875 1
0 0 -1 634.502685546875 295.5422668457031 12.06634521484375 27.526763916015625 1
0 0 -1 606.4401245117188 296.1103515625 10.9725341796875 26.87310791015625 1
0 0 -1 458.6497802734375 437.71044921875 15.3936767578125 43.849090576171875 1
0 0 -1 1070.37548828125 420.7475891113281 16.91650390625 42.253448486328125 1
0 0 -1 470.24468994140625 432.8699035644531 12.4014892578125 36.29266357421875 1
