0 0 -1 1231.32373046875 560.1296997070312 21.257568359375 60.833251953125 1
0 0 -1 1006.6110229492188 516.843994140625 87.23834228515625 63.32586669921875 2
0 0 -1 1253.6644287109375 542.7208862304688 19.1072998046875 54.51983642578125 1
0 0 -1 902.1327514648438 574.3381958007812 100.94293212890625 76.85760498046875 2
0 0 -1 908.49951171875 504.7420654296875 17.16571044921875 57.48681640625 1
0 0 -1 1121.593994140625 399.2074890136719 14.1241455078125 36.005126953125 1
0 0 -1 959.7276611328125 506.382080078125 15.79766845703125 48.52899169921875 1
0 0 -1 1096.185546875 413.1659851074219 14.48193359375 43.2078857421875 1
0 0 -1 939.218017578125 495.2475280761719 17.326171875 57.137847900390625 1
0 0 -1 1070.3203125 420.8364562988281 17.736572265625 43.926055908203125 1
0 0 -1 118.44017028808594 617.2662353515625 177.44544982910156 102.7337646484375 2
0 0 -1 927.6287841796875 526.2882690429688 20.0908203125 41.70611572265625 1
0 0 -1 1107.0826416015625 402.6600646972656 11.8411865234375 37.613800048828125 1
0 0 -1 1204.0421142578125 359.4800720214844 13.3587646484375 32.45166015625 1
0 0 -1 1212.4716796875 472.16058349609375 63.7235107421875 40.387939453125 2
