0 0 -1 421.0054016113281 309.0021057128906 17.0504150390625 33.909423828125 1
0 0 -1 952.2174682617188 463.83746337890625 15.3807373046875 47.877655029296875 1
0 0 -1 373.59564208984375 308.2471923828125 14.8082275390625 34.470550537109375 1
0 0 -1 991.9700927734375 301.0527648925781 12.54547119140625 27.813751220703125 1
0 0 -1 924.7946166992188 470.41339111328125 17.97918701171875 51.24859619140625 1
0 0 -1 1180.9613037109375 368.636474609375 13.2530517578125 34.5098876953125 1
0 0 -1 786.265625 294.09735107421875 11.31512451171875 24.229248046875 1
0 0 -1 969.342529296875 300.1582336425781 11.70013427734375 28.76739501953125 1
0 0 -1 1167.7706298828125 375.3268737792969 13.3424072265625 33.33514404296875 1
0 0 -1 826.5610961914062 299.7176513671875 8.3428955078125 21.90911865234375 1
0 0 -1 814.0468139648438 295.06085205078125 10.68359375 23.0560302734375 1
0 0 -1 799.1525268554688 298.8977966308594 10.3096923828125 23.699432373046875 1
0 0 -1 822.5511474609375 298.288330078125 9.965576171875 21.490142822265625 1
