0 0 -1 1029.9046630859375 441.8408508300781 19.27685546875 64.0537109375 1
0 0 -1 1068.9459228515625 456.4482116699219 17.063232421875 41.869384765625 1
0 0 -1 865.2740478515625 564.6590576171875 106.8453369140625 92.32659912109375 2
0 0 -1 795.3519897460938 600.4027099609375 116.167724609375 97.77227783203125 2
0 0 -1 978.2276000976562 459.58135986328125 17.4046630859375 46.778228759765625 1
0 0 -1 1118.464599609375 658.6947021484375 25.0927734375 60.26318359375 1
0 0 -1 961.6304931640625 470.9580383300781 17.6910400390625 47.213348388671875 1
0 0 -1 791.8399047851562 304.967041015625 52.86700439453125 27.78875732421875 2
0 0 -1 1096.1514892578125 691.5534057617188 29.482421875 28.44659423828125 1
0 0 -1 1047.2314453125 436.1364440917969 20.4644775390625 63.87896728515625 1
0 0 -1 1166.6993408203125 378.14849853515625 13.1141357421875 34.410064697265625 1
0 0 -1 1045.45703125 430.6428527832031 19.4366455078125 44.25457763671875 1
0 0 -1 918.5744018554688 293.5121154785156 38.99029541015625 25.520782470703125 2
0 0 -1 1151.7650146484375 384.8454895019531 15.0970458984375 33.754486083984375 1
0 0 -1 1051.19775390625 459.6986083984375 15.895263671875 49.519012451171875 1
