0 0 -1 1095.0341796875 413.74395751953125 15.8253173828125 42.386962890625 1
0 0 -1 908.1828002929688 504.1205749511719 17.76715087890625 58.323333740234375 1
0 0 -1 875.1312866210938 517.6383666992188 19.0419921875 61.8934326171875 1
0 0 -1 1006.9348754882812 516.8121337890625 86.95050048828125 63.2181396484375 2
0 0 -1 1150.7366943359375 440.38623046875 61.3526611328125 50.30078125 2
0 0 -1 1111.05908203125 527.5045776367188 85.4814453125 61.5689697265625 2
0 0 -1 1252.7802734375 543.0199584960938 20.737060546875 55.08770751953125 1
0 0 -1 927.8967895507812 517.20166015625 18.70416259765625 51.1395263671875 1
0 0 -1 891.3927612304688 526.2705688476562 16.95404052734375 55.89971923828125 1
0 0 -1 1119.32421875 400.1371154785156 13.289794921875 45.872100830078125 1
0 0 -1 1134.3067626953125 392.1510925292969 14.1370849609375 38.5068359375 1
0 0 -1 878.3897094726562 520.7816772460938 27.312744140625 59.701904296875 1
