0 0 -1 604.9793090820312 319.0849609375 17.54608154296875 35.533203125 1
0 0 -1 563.8385620117188 319.4866027832031 17.5670166015625 35.0906982421875 1
0 0 -1 1091.911376953125 653.3185424804688 25.6395263671875 61.5714111328125 1
0 0 -1 767.6578369140625 627.70458984375 154.767822265625 92.29541015625 2
0 0 -1 1063.77392578125 474.4544982910156 83.83837890625 74.55648803710938 2
0 0 -1 958.3547973632812 526.6310424804688 104.10797119140625 90.322509765625 2
0 0 -1 1061.4608154296875 680.7841186523438 32.2550048828125 39.21588134765625 1
0 0 -1 1260.3165283203125 531.5361938476562 19.6834716796875 52.00958251953125 1
0 0 -1 1101.8570556640625 677.1278076171875 40.1611328125 42.8721923828125 1
0 0 -1 1122.5936279296875 660.5140380859375 27.69580078125 55.00048828125 1
