0 0 -1 1031.1304931640625 363.28155517578125 13.7620849609375 33.777740478515625 1
0 0 -1 1023.73779296875 587.8893432617188 95.7120361328125 77.5467529296875 2
0 0 -1 1006.54833984375 502.91357421875 89.4591064453125 60.886474609375 2
0 0 -1 965.8389282226562 621.07958984375 115.97503662109375 81.92578125 2
0 0 -1 452.60455322265625 317.9599304199219 15.411834716796875 35.98797607421875 1
0 0 -1 1017.1722412109375 363.62579345703125 14.6739501953125 31.16796875 1
0 0 -1 505.0718078613281 317.8272399902344 16.618194580078125 35.86834716796875 1
0 0 -1 954.3577270507812 536.2442626953125 93.04156494140625 67.49420166015625 2
0 0 -1 841.7047119140625 256.54644775390625 11.55987548828125 23.722381591796875 1
0 0 -1 1070.6680908203125 469.80828857421875 74.2723388671875 58.071044921875 2
0 0 -1 866.30029296875 259.33880615234375 11.246826171875 22.79071044921875 1
0 0 -1 765.330810546875 600.4447021484375 145.11871337890625 112.0697021484375 2
0 0 -1 1091.2591552734375 366.0338439941406 13.0750732421875 28.8646240234375 1
0 0 -1 907.3768920898438 560.1510009765625 99.892578125 73.3431396484375 2
0 0 -1 1088.5137939453125 495.7604064941406 104.7564697265625 102.31393432617188 2
0 0 -1 817.8326416015625 576.444580078125 148.77020263671875 97.91448974609375 2
0 0 -1 1139.6046142578125 476.9486389160156 92.8699951171875 65.31845092773438 2
