0 0 -1 879.0286865234375 485.0196228027344 21.264404296875 51.465301513671875 1
0 0 -1 797.9547729492188 528.7573852539062 24.367919921875 53.32366943359375 1
0 0 -1 829.41552734375 509.5875549316406 20.69647216796875 72.06033325195312 1
0 0 -1 927.609619140625 470.6268005371094 28.74468994140625 68.79867553710938 1
0 0 -1 814.4417114257812 466.2994079589844 21.16217041015625 44.833099365234375 1
0 0 -1 906.9638061523438 473.6109924316406 16.388916015625 48.406219482421875 1
0 0 -1 849.3135986328125 514.9336547851562 23.44671630859375 59.2130126953125 1
0 0 -1 837.6096801757812 481.47357177734375 17.48895263671875 43.04083251953125 1
0 0 -1 846.6471557617188 480.42047119140625 20.51336669921875 46.42266845703125 1
0 0 -1 816.3652954101562 492.899658203125 17.96087646484375 56.426025390625 1
0 0 -1 937.0462036132812 466.73406982421875 22.24163818359375 54.19189453125 1
0 0 -1 856.5975341796875 512.6910400390625 23.5911865234375 59.6641845703125 1
0 0 -1 836.2203369140625 528.9059448242188 17.9654541015625 57.07342529296875 1
0 0 -1 832.8220825195312 513.8978881835938 29.55560302734375 69.34417724609375 1
