0 0 -1 859.9053955078125 512.8809814453125 25.70294189453125 60.6290283203125 1
0 0 -1 806.8803100585938 513.69580078125 20.56927490234375 52.72784423828125 1
0 0 -1 683.8997192382812 589.4859008789062 26.20147705078125 60.64837646484375 1
0 0 -1 662.2797241210938 575.0042114257812 25.0623779296875 68.930419921875 1
0 0 -1 827.7625732421875 611.2589721679688 113.46612548828125 88.1986083984375 2
0 0 -1 1004.0287475585938 588.8825073242188 105.35028076171875 85.2420654296875 2
0 0 -1 1254.5322265625 525.6419067382812 18.266357421875 47.90802001953125 1
0 0 -1 698.9293212890625 565.15478515625 21.05523681640625 61.832275390625 1
0 0 -1 725.988037109375 569.2402954101562 19.773193359375 63.12274169921875 1
0 0 -1 904.1784057617188 578.30859375 99.53375244140625 73.54205322265625 2
0 0 -1 1186.0931396484375 481.7519836425781 66.614990234375 52.374847412109375 2
0 0 -1 879.1782836914062 512.1236572265625 23.02288818359375 59.09771728515625 1
0 0 -1 705.6718139648438 535.026611328125 20.10577392578125 45.0791015625 1
0 0 -1 760.447998046875 526.853515625 19.44146728515625 46.62298583984375 1
0 0 -1 833.1229248046875 498.659423828125 21.5882568359375 55.7413330078125 1
0 0 -1 736.3717041015625 524.0022583007812 21.72052001953125 51.0650634765625 1
0 0 -1 774.4429321289062 556.1937866210938 28.54156494140625 70.006591796875 1
0 0 -1 694.5868530273438 668.8095092773438 130.53619384765625 51.19049072265625 2
0 0 -1 826.4384155273438 527.8302001953125 30.79510498046875 75.7137451171875 1
0 0 -1 717.951904296875 570.0684814453125 17.00140380859375 59.69085693359375 1
0 0 -1 687.4290771484375 576.2526245117188 31.00244140625 67.0970458984375 1
0 0 -1 739.0061645507812 569.5248413085938 16.2569580078125 60.8873291015625 1
0 0 -1 828.9638061523438 504.9217224121094 28.57147216796875 75.37942504882812 1
0 0 -1 734.8328247070312 530.6060180664062 26.0430908203125 84.07012939453125 1
0 0 -1 851.3616333007812 518.8976440429688 18.10919189453125 63.38616943359375 1
0 0 -1 701.4472045898438 541.884765625 24.53363037109375 77.18450927734375 1
