0 0 -1 1185.9658203125 370.2875061035156 14.7021484375 34.66827392578125 1
0 0 -1 967.5303955078125 372.0342712402344 16.78363037109375 35.00799560546875 1
0 0 -1 945.0773315429688 374.30755615234375 15.9541015625 35.242431640625 1
0 0 -1 1205.0267333984375 365.45458984375 12.2371826171875 32.6011962890625 1
0 0 -1 1120.813720703125 460.390380859375 65.59521484375 51.532257080078125 2
0 0 -1 1020.752197265625 364.1460266113281 12.128173828125 27.8826904296875 1
0 0 -1 1029.7962646484375 363.43231201171875 10.7398681640625 30.430877685546875 1
0 0 -1 1043.593505859375 361.7152099609375 14.2252197265625 38.778076171875 1
0 0 -1 767.29443359375 451.93585205078125 136.66748046875 55.45361328125 2
0 0 -1 1046.9656982421875 272.54425048828125 12.383544921875 21.447265625 1
0 0 -1 1024.3997802734375 363.4967346191406 13.512451171875 28.8602294921875 1
0 0 -1 1078.7244873046875 274.9021301269531 12.2484130859375 22.323974609375 1
