0 0 -1 792.356689453125 540.5263061523438 26.2686767578125 58.62152099609375 1
0 0 -1 971.84814453125 541.8511352539062 89.6563720703125 64.82379150390625 2
0 0 -1 1255.21875 525.8875732421875 17.2913818359375 49.0101318359375 1
0 0 -1 651.8881225585938 605.848388671875 22.67559814453125 63.24383544921875 1
0 0 -1 834.0491333007812 526.7119140625 18.94915771484375 60.6966552734375 1
0 0 -1 702.3394165039062 590.5950317382812 19.8990478515625 62.4075927734375 1
0 0 -1 1043.7476806640625 569.6123657226562 98.531494140625 73.4268798828125 2
0 0 -1 777.732666015625 523.4373779296875 18.97882080078125 58.97027587890625 1
0 0 -1 814.8900756835938 538.385986328125 22.88128662109375 69.927490234375 1
0 0 -1 620.3788452148438 591.3275756835938 25.69671630859375 68.84185791015625 1
0 0 -1 661.9317626953125 579.0722045898438 24.8370361328125 61.94976806640625 1
0 0 -1 1228.4681396484375 538.8883056640625 20.2266845703125 51.6087646484375 1
0 0 -1 1186.160888671875 481.7933044433594 66.764404296875 51.878570556640625 2
0 0 -1 731.4061279296875 540.3578491210938 28.06103515625 52.7314453125 1
0 0 -1 675.2809448242188 547.8128051757812 25.2032470703125 49.5045166015625 1
0 0 -1 845.9727172851562 521.0588989257812 21.32537841796875 66.4710693359375 1
0 0 -1 686.307861328125 583.6455688476562 18.73602294921875 60.6982421875 1
0 0 -1 807.1514282226562 513.3310546875 21.169677734375 53.2567138671875 1
0 0 -1 862.2572021484375 579.4940795898438 139.936767578125 79.03948974609375 2
0 0 -1 705.020751953125 536.9181518554688 22.20062255859375 57.1468505859375 1
0 0 -1 693.3361206054688 668.3629150390625 135.75042724609375 51.6370849609375 2
0 0 -1 746.9714965820312 583.3743286132812 24.6551513671875 70.34686279296875 1
0 0 -1 721.8390502929688 576.4114990234375 34.03765869140625 53.91400146484375 1
0 0 -1 806.0084228515625 518.9568481445312 28.31982421875 69.5875244140625 1
0 0 -1 782.8673095703125 566.464111328125 18.88079833984375 64.55340576171875 1
0 0 -1 798.5894165039062 534.6534423828125 41.61175537109375 66.83349609375 1
