0 0 -1 1085.359619140625 659.607421875 30.8819580078125 60.392578125 1
0 0 -1 774.2861328125 572.4010009765625 26.7041015625 64.1612548828125 1
0 0 -1 883.3880004882812 442.32452392578125 17.33660888671875 34.605499267578125 1
0 0 -1 1137.4998779296875 411.650634765625 15.80224609375 38.5146484375 1
0 0 -1 1116.97119140625 419.0452575683594 14.9871826171875 39.205657958984375 1
0 0 -1 820.5738525390625 515.8072509765625 20.99224853515625 45.71038818359375 1
0 0 -1 856.6173706054688 503.5910949707031 21.96148681640625 49.431854248046875 1
0 0 -1 815.205078125 568.0218505859375 21.355712890625 51.5068359375 1
0 0 -1 1049.7633056640625 683.7182006835938 40.96337890625 36.28179931640625 1
0 0 -1 834.2257080078125 439.8198547363281 16.92938232421875 19.142669677734375 1
0 0 -1 811.998046875 567.4983520507812 12.785400390625 45.8182373046875 1
