0 0 -1 436.8438720703125 312.03314208984375 17.597015380859375 34.176727294921875 1
0 0 -1 390.9063720703125 313.0801086425781 17.322418212890625 33.891876220703125 1
0 0 -1 777.2745971679688 301.7831726074219 14.31884765625 29.815093994140625 1
0 0 -1 811.1463623046875 301.3561706542969 13.66912841796875 27.876861572265625 1
0 0 -1 846.1106567382812 562.6614990234375 25.3642578125 58.083740234375 1
0 0 -1 652.8513793945312 611.7382202148438 25.81005859375 74.6192626953125 1
0 0 -1 262.8711242675781 372.59588623046875 14.4736328125 40.448089599609375 1
0 0 -1 174.92172241210938 301.8053283691406 17.304641723632812 34.55328369140625 1
0 0 -1 225.94970703125 303.09808349609375 13.666015625 32.823944091796875 1
0 0 -1 219.98582458496094 302.1168518066406 13.167572021484375 29.71136474609375 1
0 0 -1 788.4198608398438 544.3416137695312 24.22845458984375 55.3343505859375 1
0 0 -1 169.5891571044922 301.5589904785156 13.238113403320312 29.8582763671875 1
0 0 -1 715.3487548828125 576.7647094726562 24.153564453125 68.0029296875 1
0 0 -1 253.6822509765625 366.47369384765625 13.822509765625 38.984466552734375 1
