0 0 -1 1155.195556640625 556.0093994140625 150.912841796875 141.664306640625 2
0 0 -1 431.244140625 245.2613525390625 38.562591552734375 79.56329345703125 1
0 0 -1 965.3141479492188 214.4604949951172 115.20452880859375 96.33439636230469 2
0 0 -1 431.88226318359375 58.47123336791992 63.541015625 82.27812576293945 2
0 0 -1 359.0606994628906 187.70574951171875 34.547698974609375 76.31640625 1
0 0 -1 452.7640686035156 0.21895831823349 62.970001220703125 47.886209070682526 2
0 0 -1 1348.526611328125 566.1256713867188 147.68701171875 136.0633544921875 2
0 0 -1 293.44805908203125 888.4525146484375 50.24810791015625 84.22186279296875 1
0 0 -1 1533.0733642578125 400.1323547363281 155.4832763671875 83.809814453125 2
0 0 -1 798.9501953125 470.1372985839844 245.7293701171875 116.42276000976562 2
0 0 -1 881.4572143554688 757.5736694335938 282.38983154296875 146.46795654296875 2
