0 0 -1 1024.671630859375 491.3883361816406 85.4300537109375 69.96713256835938 2
0 0 -1 173.30572509765625 306.9883728027344 18.533645629882812 31.176116943359375 1
0 0 -1 856.0087890625 489.63616943359375 17.68603515625 50.50567626953125 1
0 0 -1 232.84251403808594 309.8161315917969 15.137191772460938 29.426055908203125 1
0 0 -1 963.014892578125 521.6832885742188 97.8822021484375 83.082275390625 2
0 0 -1 866.8733520507812 580.5745239257812 118.97344970703125 82.97613525390625 2
0 0 -1 816.6199951171875 605.2138061523438 122.99127197265625 89.71929931640625 2
0 0 -1 1111.1434326171875 523.1215209960938 76.7020263671875 60.671875 2
0 0 -1 917.8672485351562 462.6757507324219 16.77972412109375 52.585601806640625 1
0 0 -1 891.0162353515625 465.01220703125 18.31488037109375 52.08905029296875 1
0 0 -1 885.3243408203125 472.9970703125 19.83111572265625 53.889404296875 1
0 0 -1 870.5211791992188 458.3074645996094 19.3385009765625 54.109710693359375 1
0 0 -1 830.6495361328125 489.6192626953125 16.70623779296875 48.35260009765625 1
0 0 -1 751.81494140625 470.3324890136719 15.285400390625 39.26104736328125 1
0 0 -1 843.415771484375 488.3049011230469 13.5347900390625 49.381683349609375 1
0 0 -1 805.7136840820312 436.2924499511719 14.66217041015625 22.95733642578125 1
0 0 -1 839.01904296875 487.5569152832031 13.31683349609375 48.610687255859375 1
0 0 -1 823.5708618164062 466.90972900390625 16.69830322265625 45.66253662109375 1
0 0 -1 824.2127685546875 485.7753601074219 16.1201171875 49.634979248046875 1
0 0 -1 1216.5487060546875 456.4700622558594 61.95703125 44.134765625 2
0 0 -1 827.0604248046875 465.2585144042969 14.31689453125 32.517791748046875 1
