0 0 -1 630.4382934570312 308.1601257324219 17.53759765625 33.071746826171875 1
0 0 -1 593.997802734375 309.507568359375 14.855224609375 32.392333984375 1
0 0 -1 611.2960205078125 494.646728515625 24.8052978515625 53.1324462890625 1
0 0 -1 929.5306396484375 299.9540100097656 14.29290771484375 27.249786376953125 1
0 0 -1 960.1947021484375 299.0677795410156 10.60809326171875 26.2774658203125 1
0 0 -1 417.27197265625 299.5151062011719 11.91815185546875 27.706634521484375 1
0 0 -1 551.0724487304688 480.5014343261719 24.63232421875 53.502227783203125 1
0 0 -1 868.1251220703125 499.01116943359375 21.00958251953125 53.40087890625 1
0 0 -1 428.48358154296875 299.6201477050781 10.45550537109375 30.554412841796875 1
0 0 -1 375.8112487792969 301.01385498046875 10.84368896484375 26.718597412109375 1
0 0 -1 386.0144958496094 302.1866149902344 8.887176513671875 29.782562255859375 1
0 0 -1 270.3359069824219 369.6351013183594 15.07232666015625 41.2506103515625 1
0 0 -1 909.5350952148438 482.1319885253906 23.14520263671875 53.821319580078125 1
0 0 -1 421.0724792480469 300.05792236328125 12.47332763671875 29.38720703125 1
0 0 -1 252.86422729492188 369.0749816894531 19.327301025390625 39.53961181640625 1
0 0 -1 378.422119140625 302.2623596191406 14.0892333984375 28.469818115234375 1
