0 0 -1 224.10162353515625 370.7054443359375 16.664825439453125 27.11444091796875 1
0 0 -1 792.9076538085938 533.2559814453125 25.20648193359375 63.13714599609375 1
0 0 -1 678.1860961914062 506.12396240234375 23.716552734375 52.81982421875 1
0 0 -1 738.6599731445312 512.4513549804688 21.4747314453125 55.65472412109375 1
0 0 -1 557.6324462890625 310.549560546875 14.11370849609375 33.011260986328125 1
0 0 -1 901.6942749023438 300.0119934082031 12.1727294921875 28.175811767578125 1
0 0 -1 520.4797973632812 311.38641357421875 14.82122802734375 34.43524169921875 1
0 0 -1 256.1512451171875 373.5953369140625 17.102447509765625 41.5172119140625 1
0 0 -1 823.8715209960938 514.9887084960938 23.29400634765625 56.14453125 1
0 0 -1 871.9506225585938 301.89715576171875 12.225341796875 26.12225341796875 1
0 0 -1 307.4298400878906 301.3155822753906 10.748260498046875 32.079437255859375 1
0 0 -1 297.2746887207031 300.3105773925781 13.346893310546875 30.634033203125 1
0 0 -1 344.4630126953125 300.96295166015625 11.606048583984375 32.236328125 1
0 0 -1 335.5291748046875 300.7467346191406 12.89215087890625 30.155914306640625 1
