0 0 -1 479.0543518066406 446.7966613769531 16.93292236328125 45.736480712890625 1
0 0 -1 754.6878051757812 306.9642333984375 14.2659912109375 29.265350341796875 1
0 0 -1 724.2567749023438 307.5638732910156 15.9195556640625 30.98443603515625 1
0 0 -1 232.66485595703125 371.4660949707031 15.763565063476562 39.495452880859375 1
0 0 -1 1001.52783203125 448.7088317871094 19.90997314453125 46.83282470703125 1
0 0 -1 1029.3677978515625 438.87506103515625 16.873291015625 42.37359619140625 1
0 0 -1 1032.3912353515625 299.1822509765625 12.57177734375 25.026336669921875 1
0 0 -1 461.8511657714844 438.4885559082031 18.675567626953125 45.714111328125 1
0 0 -1 615.0585327148438 613.969970703125 24.76580810546875 71.7843017578125 1
0 0 -1 546.5014038085938 296.4662170410156 11.16156005859375 26.80987548828125 1
0 0 -1 555.8055419921875 300.1465148925781 11.53704833984375 26.73577880859375 1
0 0 -1 664.0407104492188 593.0765380859375 23.33892822265625 65.784912109375 1
0 0 -1 523.5185546875 299.7341613769531 11.889404296875 27.621429443359375 1
0 0 -1 516.3325805664062 297.7818603515625 12.48638916015625 27.37786865234375 1
0 0 -1 1057.3115234375 299.1815185546875 12.009765625 21.02972412109375 1
0 0 -1 552.320068359375 299.1296691894531 10.583984375 26.1988525390625 1
