0 0 -1 326.5473937988281 307.66351318359375 15.1187744140625 35.81817626953125 1
0 0 -1 264.2439270019531 310.6540832519531 16.47711181640625 33.57269287109375 1
0 0 -1 867.5687866210938 495.27459716796875 16.3865966796875 52.42315673828125 1
0 0 -1 733.0118408203125 298.73577880859375 10.25775146484375 23.894287109375 1
0 0 -1 944.2440795898438 301.79766845703125 13.3841552734375 29.89306640625 1
0 0 -1 1152.7584228515625 380.9551696777344 14.911376953125 35.847747802734375 1
0 0 -1 911.069091796875 302.8799743652344 13.8121337890625 29.92279052734375 1
0 0 -1 898.2214965820312 480.91717529296875 18.3841552734375 51.68804931640625 1
0 0 -1 1131.364990234375 388.4931945800781 15.84423828125 36.98516845703125 1
0 0 -1 757.8483276367188 293.7699890136719 11.28289794921875 25.421875 1
0 0 -1 722.2360229492188 294.3381042480469 10.36175537109375 23.73358154296875 1
0 0 -1 770.2752075195312 297.65093994140625 7.966796875 24.8790283203125 1
0 0 -1 1210.180419921875 297.8715515136719 12.94287109375 25.3470458984375 1
0 0 -1 1239.48876953125 299.91668701171875 11.51123046875 24.74285888671875 1
0 0 -1 727.9030151367188 297.07501220703125 9.838134765625 22.529083251953125 1
0 0 -1 763.7008666992188 297.2549743652344 9.62518310546875 23.411407470703125 1
