0 0 -1 1052.5225830078125 448.0914611816406 15.655029296875 48.50079345703125 1
0 0 -1 639.3497924804688 312.7607421875 55.95159912109375 29.664947509765625 2
0 0 -1 1094.6507568359375 691.1515502929688 31.2808837890625 28.84844970703125 1
0 0 -1 961.4711303710938 471.42529296875 17.54241943359375 48.51544189453125 1
0 0 -1 795.1649780273438 599.2815551757812 115.45611572265625 96.720947265625 2
0 0 -1 1031.6038818359375 437.54754638671875 14.95361328125 41.961212158203125 1
0 0 -1 1011.5128173828125 446.5265197753906 16.4049072265625 42.7296142578125 1
0 0 -1 791.90869140625 304.9244079589844 53.3677978515625 27.983306884765625 2
0 0 -1 1071.4871826171875 438.10986328125 15.2430419921875 47.150970458984375 1
0 0 -1 933.9356079101562 480.28814697265625 19.4254150390625 51.83197021484375 1
0 0 -1 647.80712890625 681.211181640625 119.556884765625 38.788818359375 2
0 0 -1 1087.103515625 447.4944152832031 15.53564453125 42.550445556640625 1
0 0 -1 1140.6014404296875 389.3691711425781 13.957275390625 34.28369140625 1
0 0 -1 1153.7135009765625 385.93408203125 12.299560546875 32.9453125 1
0 0 -1 1070.7506103515625 463.2921142578125 14.988037109375 35.965240478515625 1
