0 0 -1 679.418212890625 610.8695068359375 23.53515625 72.1824951171875 1
0 0 -1 1114.3922119140625 428.1040344238281 16.6854248046875 39.48687744140625 1
0 0 -1 1169.1588134765625 387.1122131347656 15.5994873046875 33.214324951171875 1
0 0 -1 1101.886474609375 433.5904235839844 16.2359619140625 42.100372314453125 1
0 0 -1 611.8882446289062 641.8843383789062 30.51824951171875 75.13092041015625 1
0 0 -1 1148.8504638671875 384.5722961425781 14.59326171875 33.09210205078125 1
0 0 -1 585.8557739257812 425.54376220703125 19.17498779296875 44.7730712890625 1
0 0 -1 1192.746337890625 310.9430847167969 13.8853759765625 25.523773193359375 1
0 0 -1 1167.9959716796875 312.7701721191406 12.08154296875 23.026824951171875 1
0 0 -1 1106.9764404296875 476.1007080078125 88.6533203125 84.7532958984375 2
0 0 -1 1035.7022705078125 361.38592529296875 12.3250732421875 33.575439453125 1
0 0 -1 1033.5443115234375 437.3304748535156 19.3172607421875 42.38250732421875 1
0 0 -1 581.7542114257812 425.1043701171875 14.6646728515625 41.27642822265625 1
0 0 -1 1046.104248046875 362.431884765625 13.986572265625 35.171112060546875 1
