0 0 -1 1254.0179443359375 523.3684692382812 17.879150390625 54.00970458984375 1
0 0 -1 1233.854248046875 537.7530517578125 22.5064697265625 58.02960205078125 1
0 0 -1 783.4924926757812 330.4698791503906 14.3358154296875 30.8360595703125 1
0 0 -1 1184.7855224609375 311.6302490234375 12.114990234375 27.26416015625 1
0 0 -1 821.0132446289062 330.27069091796875 14.0260009765625 30.986663818359375 1
0 0 -1 1099.2998046875 433.81390380859375 17.1300048828125 47.0687255859375 1
0 0 -1 1208.6317138671875 311.73199462890625 12.6922607421875 26.828582763671875 1
0 0 -1 1171.2347412109375 454.5143737792969 85.1474609375 74.25375366210938 2
0 0 -1 1081.243408203125 443.35955810546875 19.4437255859375 47.772979736328125 1
0 0 -1 1045.1031494140625 529.5104370117188 107.010009765625 101.99517822265625 2
