0 0 -1 1029.5614013671875 363.16192626953125 16.4110107421875 35.44232177734375 1
0 0 -1 983.3699951171875 364.52276611328125 16.41363525390625 34.7769775390625 1
0 0 -1 924.3331909179688 377.12823486328125 17.0531005859375 34.74676513671875 1
0 0 -1 750.8827514648438 448.2786865234375 127.1998291015625 57.7332763671875 2
0 0 -1 847.943115234375 576.9345092773438 108.0750732421875 95.63763427734375 2
0 0 -1 636.080078125 433.4476623535156 112.04779052734375 53.645782470703125 2
0 0 -1 680.7841796875 683.134033203125 118.14764404296875 36.865966796875 2
0 0 -1 1112.4224853515625 276.8826599121094 11.173583984375 23.601043701171875 1
0 0 -1 1146.810546875 280.90203857421875 11.9732666015625 22.5775146484375 1
0 0 -1 1005.0077514648438 362.7050476074219 15.32257080078125 31.62078857421875 1
0 0 -1 902.0825805664062 380.36920166015625 16.53143310546875 32.700439453125 1
