0 0 -1 513.1300659179688 295.2018737792969 16.38909912109375 32.526153564453125 1
0 0 -1 654.1287231445312 408.8626708984375 17.92584228515625 45.0517578125 1
0 0 -1 1020.5742797851562 399.04156494140625 18.81121826171875 37.495452880859375 1
0 0 -1 595.835205078125 409.3687438964844 22.279296875 43.647735595703125 1
0 0 -1 1075.28515625 402.45050048828125 23.254638671875 36.9339599609375 1
0 0 -1 434.0323791503906 488.25262451171875 111.85379028320312 57.28729248046875 2
0 0 -1 472.14495849609375 294.81793212890625 15.243743896484375 31.903045654296875 1
0 0 -1 327.87164306640625 516.97216796875 117.35037231445312 64.96435546875 2
0 0 -1 843.7429809570312 252.4125213623047 11.9368896484375 21.664321899414062 1
0 0 -1 1113.7943115234375 568.6988525390625 24.699462890625 67.9859619140625 1
0 0 -1 1007.9529418945312 360.336669921875 14.07208251953125 30.546783447265625 1
0 0 -1 1112.487548828125 548.8403930664062 24.804931640625 62.92620849609375 1
0 0 -1 871.9525146484375 257.162353515625 12.57562255859375 22.159210205078125 1
